cat 1
1 5 4 3 2 6
63 65 64 346
cat 2
42 43
38 139
138 112 339
cat 3
123 28 118 
72 73
47 48 49 67 74 359
cat 4
60 347 76
86 349
340 343
cat 5
27 66 
406 52 101 53 54 380 173 
55 56 57
cat 6
31 32 33 34 35 239
29 30
cat 7
20 274 297 25 132
442 210 211 320 396 
15 16 439 17 18 23 21
362 171 26 81
24 156
cat 8
14 134 149 293
286 292
cat 9
44 45 96 133 154 365
61 62 106 260 78 352 490
379 50 448
cat 10
68 223 226 227 70 328
224 225 417 233 234 235
237 238 418 232 231 418 307
69 228 229 230 236 330
cat 11
114 136 432
157 374 494
cat 13
190 314 185 186 187 208 452
193 387 191 201 316
207 209 213 215 200 195
cat 16
367 92 361
84 146
